Sample	total_reads	CulexT_KNWR counts	CulexT_KNWR percentage	WNV_NC_001563 counts	WNV_NC_001563 percentage	WNV_MZ605381 counts	WNV_MZ605381 percentage	WNV_KJ501492 counts	WNV_KJ501492 percentage	WNV_OZ20175 counts	WNV_OZ20175 percentage	viralProj_30293 counts	viralProj_30293 percentage	No hits counts	No hits percentage
DeDupTrimmed.22_WNV_A_S1_L003_R1_001_screen	28889659	15545716.0	53.82	286327.0	0.99	9578041.0	33.15	9566910.0	33.11	9480749.0	32.82	9577330.0	33.15	3767211	13.04
DeDupTrimmed.22_WNV_A_S1_L003_R2_001_screen	28889659	15599678.0	53.99	282936.0	0.98	9541335.0	33.03	9530696.0	32.99	9446568.0	32.7	9540302.0	33.019999999999996	3752766	12.99
DeDupTrimmed.22_WNV_B_S2_L003_R1_001_screen	30869634	17534505.0	56.8	358558.0	1.16	11186226.0	36.239999999999995	11173776.0	36.190000000000005	11076899.0	35.879999999999995	11185486.0	36.239999999999995	2151613	6.97
DeDupTrimmed.22_WNV_B_S2_L003_R2_001_screen	30869634	17589018.0	56.980000000000004	353541.0	1.14	11141320.0	36.089999999999996	11129534.0	36.050000000000004	11036801.0	35.76	11140255.0	36.089999999999996	2148526	6.96
DeDupTrimmed.22_WNV_C_S3_L003_R1_001_screen	30302245	14427448.0	47.620000000000005	421536.0	1.39	13564927.0	44.769999999999996	13551802.0	44.72	13437897.0	44.35	13563906.0	44.769999999999996	2312061	7.63
DeDupTrimmed.22_WNV_C_S3_L003_R2_001_screen	30302245	14506160.0	47.87	415302.0	1.37	13502324.0	44.56	13489722.0	44.51	13381119.0	44.16	13500883.0	44.55	2306000	7.61
DeDupTrimmed.22_mock_A_S4_L003_R1_001_screen	12891625	10748202.0	83.37	3289.0	0.03	95076.0	0.73	95009.0	0.73	94532.0	0.73	95073.0	0.73	2048479	15.89
DeDupTrimmed.22_mock_A_S4_L003_R2_001_screen	12891625	10757375.0	83.44	3287.0	0.03	94668.0	0.73	94599.0	0.73	94113.0	0.73	94665.0	0.73	2039455	15.82
DeDupTrimmed.22_mock_B_S5_L003_R1_001_screen	16794480	8544495.0	50.88	1157.0	0.01	31456.0	0.19	31436.0	0.19	31231.0	0.18	31454.0	0.19	8219218	48.94
DeDupTrimmed.22_mock_B_S5_L003_R2_001_screen	16794480	8620041.0	51.32	1115.0	0.01	31214.0	0.18	31187.0	0.18	31005.0	0.18	31213.0	0.18	8143643	48.49
DeDupTrimmed.22_mock_C_S6_L003_R1_001_screen	6433907	1952688.0	30.349999999999998	993.0	0.02	27667.0	0.43	27659.0	0.43	27536.0	0.43	27667.0	0.43	4453550	69.22
DeDupTrimmed.22_mock_C_S6_L003_R2_001_screen	6433907	1988062.0	30.900000000000002	955.0	0.01	27486.0	0.42	27474.0	0.42	27350.0	0.42	27485.0	0.42	4418163	68.67
DeDupTrimmed.26_WNV_A_S7_L003_R1_001_screen	27388229	5296770.0	19.330000000000002	488872.0	1.78	14200930.0	51.85	14188030.0	51.8	14084425.0	51.42	14199913.0	51.85	7893287	28.82
DeDupTrimmed.26_WNV_A_S7_L003_R2_001_screen	27388229	5455299.0	19.92	482974.0	1.76	14137447.0	51.62	14125038.0	51.58	14025359.0	51.209999999999994	14136174.0	51.62	7808384	28.51
DeDupTrimmed.26_WNV_B_S8_L003_R1_001_screen	8207518	2843667.0	34.650000000000006	95057.0	1.16	3018167.0	36.769999999999996	3009494.0	36.66	2977083.0	36.27	3017576.0	36.769999999999996	2346529	28.59
DeDupTrimmed.26_WNV_B_S8_L003_R2_001_screen	8207518	2869423.0	34.970000000000006	96589.0	1.17	3003267.0	36.59	2994752.0	36.489999999999995	2962941.0	36.1	3002662.0	36.58	2338321	28.49
DeDupTrimmed.26_WNV_C_S9_L003_R1_001_screen	13212439	3023095.0	22.89	261588.0	1.98	8394812.0	63.54	8387719.0	63.48	8323992.0	63.0	8394307.0	63.54	1794249	13.58
DeDupTrimmed.26_WNV_C_S9_L003_R2_001_screen	13212439	3069154.0	23.219999999999995	257484.0	1.95	8356686.0	63.25	8349789.0	63.190000000000005	8287962.0	62.72	8355939.0	63.24	1794249	13.58
DeDupTrimmed.26_mock_A_S10_L003_R1_001_screen	19015198	10241369.0	53.86000000000001	3750.0	0.02	103827.0	0.54	103758.0	0.54	103130.0	0.54	103820.0	0.54	8670930	45.6
DeDupTrimmed.26_mock_A_S10_L003_R2_001_screen	19015198	10331603.0	54.33	3762.0	0.02	103449.0	0.54	103400.0	0.54	102784.0	0.54	103445.0	0.54	8579657	45.12
DeDupTrimmed.26_mock_B_S11_L003_R1_001_screen	12464031	7111354.0	57.06	1166.0	0.01	33289.0	0.27	33271.0	0.27	33046.0	0.26	33285.0	0.27	5319648	42.68
DeDupTrimmed.26_mock_B_S11_L003_R2_001_screen	12464031	7188515.0	57.67	1135.0	0.01	33126.0	0.26	33103.0	0.26	32887.0	0.26	33123.0	0.26	5242371	42.06
DeDupTrimmed.26_mock_C_S12_L003_R1_001_screen	6553179	2826300.0	43.12	1953.0	0.03	51257.0	0.79	51219.0	0.79	50940.0	0.77	51253.0	0.79	3675678	56.09
DeDupTrimmed.26_mock_C_S12_L003_R2_001_screen	6553179	2837916.0	43.31	1925.0	0.03	51089.0	0.78	51060.0	0.78	50790.0	0.77	51086.0	0.78	3664537	55.92
DeDupTrimmed.30_WNV_A_S13_L003_R1_001_screen	25757284	18897210.0	73.36	74233.0	0.29	2168461.0	8.42	2166624.0	8.41	2150251.0	8.35	2168301.0	8.42	4692977	18.22
DeDupTrimmed.30_WNV_A_S13_L003_R2_001_screen	25757284	18955902.0	73.60000000000001	73654.0	0.29	2158871.0	8.38	2157072.0	8.370000000000001	2141396.0	8.309999999999999	2158649.0	8.38	4644038	18.03
DeDupTrimmed.30_WNV_B_S14_L003_R1_001_screen	12260070	7602816.0	62.01	130065.0	1.06	3701197.0	30.19	3698108.0	30.17	3671723.0	29.95	3700990.0	30.19	956285	7.8
DeDupTrimmed.30_WNV_B_S14_L003_R2_001_screen	12260070	7617879.0	62.14	128136.0	1.04	3685342.0	30.060000000000002	3682445.0	30.04	3656244.0	29.82	3685052.0	30.05	959963	7.83
DeDupTrimmed.30_WNV_C_S15_L003_R1_001_screen	17333542	11540311.0	66.57	156073.0	0.9	4193835.0	24.19	4190715.0	24.18	4160192.0	24.0	4193556.0	24.19	1599885	9.23
DeDupTrimmed.30_WNV_C_S15_L003_R2_001_screen	17333542	11563071.0	66.71	152204.0	0.88	4173651.0	24.08	4170403.0	24.060000000000002	4140414.0	23.88	4173256.0	24.08	1599885	9.23
DeDupTrimmed.30_mock_A_S16_L003_R1_001_screen	9120635	5325561.0	58.39	11505.0	0.13	319551.0	3.51	319198.0	3.5	316730.0	3.47	319535.0	3.51	3475873	38.11
DeDupTrimmed.30_mock_A_S16_L003_R2_001_screen	9120635	5351429.0	58.67	11373.0	0.12	317943.0	3.4899999999999998	317644.0	3.4899999999999998	315341.0	3.45	317925.0	3.4899999999999998	3451248	37.84
DeDupTrimmed.30_mock_B_S17_L003_R1_001_screen	13266372	11531690.0	86.93	650.0	0.0	14387.0	0.11	14380.0	0.11	14308.0	0.11	14386.0	0.11	1720648	12.97
DeDupTrimmed.30_mock_B_S17_L003_R2_001_screen	13266372	11534785.0	86.95	625.0	0.0	14405.0	0.11	14396.0	0.11	14324.0	0.11	14405.0	0.11	1716668	12.94
DeDupTrimmed.30_mock_C_S18_L003_R1_001_screen	26269478	21542610.0	82.00999999999999	402.0	0.0	10407.0	0.04	10395.0	0.04	10352.0	0.04	10407.0	0.04	4715371	17.95
DeDupTrimmed.30_mock_C_S18_L003_R2_001_screen	26269478	21581511.0	82.16	393.0	0.0	10431.0	0.04	10422.0	0.04	10382.0	0.04	10429.0	0.04	4678594	17.81
